 ! Swift/XRT detailed lightcurve of trigger: 10724, name: AT2018cow
 ! Swift/XRT lightcurve of trigger: 10724, name: AT2018cow
 ! T0 for this burst is Swift MET=551097137.0 s, = 2018 Jun 19 at 10:31:55.845 UT
 ! Data covers 0.3-10 keV
 ! For details of light-curve production, see Evans et al. 2007, A&A, 469, 379
 ! BINMODE: TIME
!Time    	T_+ve   	T_-ve   	Rate    	Ratepos 	Rateneg 	BGrate  	BGerr   	FracExp
! PC data
211.718	50.000	-50.000	8.404978e-01	1.315519e-01	-1.315519e-01	8.789829e-04	6.215348e-04	1.000000
311.718	50.000	-50.000	7.687050e-01	1.235180e-01	-1.235180e-01	1.318474e-03	7.612216e-04	1.000000
411.718	50.000	-50.000	9.081521e-01	1.346887e-01	-1.346887e-01	2.636949e-03	1.076530e-03	1.000000
511.718	50.000	-50.000	4.110619e-01	9.086682e-02	-9.086682e-02	2.636949e-03	1.076530e-03	1.000000
611.718	50.000	-50.000	6.732040e-01	1.302079e-01	-1.302079e-01	1.671191e-03	9.648626e-04	0.788943
10811.718	50.000	-50.000	5.312738e-01	1.135999e-01	-1.135999e-01	7.649540e-04	5.409042e-04	0.827198
10911.718	50.000	-50.000	5.643129e-01	1.071370e-01	-1.071370e-01	1.265537e-03	6.327687e-04	1.000000
11011.718	50.000	-50.000	5.685221e-01	1.079361e-01	-1.079361e-01	1.265537e-03	6.327687e-04	1.000000
11111.718	50.000	-50.000	4.186580e-01	9.220523e-02	-9.220523e-02	1.898306e-03	7.749803e-04	1.000000
11211.718	50.000	-50.000	5.669154e-01	1.913216e-01	-1.562814e-01	1.643275e-03	1.161971e-03	0.385066
67711.718	50.000	-50.000	3.806152e-01	7.981922e-02	-7.981922e-02	1.314980e-03	6.574899e-04	0.982292
67811.718	50.000	-50.000	4.429634e-01	9.289218e-02	-9.289218e-02	1.286553e-03	6.432765e-04	0.999992
67911.718	50.000	-50.000	3.178788e-01	6.170493e-02	-6.170493e-02	2.278493e-03	8.611895e-04	1.000000
68011.718	50.000	-50.000	2.729057e-01	5.748340e-02	-5.748340e-02	2.278493e-03	8.611895e-04	1.000000
68111.718	50.000	-50.000	3.658365e-01	6.598781e-02	-6.598781e-02	1.301996e-03	6.509981e-04	1.000000
68211.718	50.000	-50.000	3.410601e-01	6.391645e-02	-6.391645e-02	2.603992e-03	9.206503e-04	1.000000
68311.718	50.000	-50.000	2.849305e-01	5.832197e-02	-5.832197e-02	6.509981e-04	4.603251e-04	1.000000
68411.718	50.000	-50.000	3.209942e-01	6.185114e-02	-6.185114e-02	3.254990e-04	3.254990e-04	1.000000
68511.718	50.000	-50.000	3.872991e-01	6.803381e-02	-6.803381e-02	2.929491e-03	9.764971e-04	1.000000
68611.718	50.000	-50.000	4.143933e-01	7.235420e-02	-7.235420e-02	1.031557e-03	5.955695e-04	0.946625
177011.718	50.000	-50.000	3.898179e-01	9.520396e-02	-9.520396e-02	1.880249e-03	9.401244e-04	0.617162
177111.718	50.000	-50.000	2.353619e-01	6.211030e-02	-6.211030e-02	3.191150e-03	9.621681e-04	1.000000
177211.718	50.000	-50.000	4.543068e-01	8.487947e-02	-8.487947e-02	1.740628e-03	7.106082e-04	1.000000
177311.718	50.000	-50.000	3.712439e-01	1.195621e-01	-9.849774e-02	1.105258e-03	6.381209e-04	0.782166
177411.718	50.000	-50.000	3.011622e-01	9.722838e-02	-8.009875e-02	1.148781e-03	5.743907e-04	1.000000
177511.718	50.000	-50.000	2.513351e-01	8.945740e-02	-7.231919e-02	5.743907e-04	4.061555e-04	1.000000
177611.718	50.000	-50.000	2.985399e-01	9.591372e-02	-7.901570e-02	5.743907e-04	4.061555e-04	1.000000
177711.718	50.000	-50.000	1.996119e-01	8.215853e-02	-6.475423e-02	2.010367e-03	7.598474e-04	1.000000
177811.718	50.000	-50.000	2.482909e-01	8.889242e-02	-7.186245e-02	1.148781e-03	5.743907e-04	1.000000
177911.718	50.000	-50.000	2.457756e-01	8.827574e-02	-7.131882e-02	1.435977e-03	6.421883e-04	1.000000
178011.718	50.000	-50.000	3.818985e-01	9.937771e-02	-9.937771e-02	1.148781e-03	5.743907e-04	1.000000
178111.718	50.000	-50.000	1.734027e-01	7.633750e-02	-5.916093e-02	1.148781e-03	5.743907e-04	1.000000
178211.718	50.000	-50.000	2.984896e-01	9.613098e-02	-7.919469e-02	8.615860e-04	4.974369e-04	1.000000
178311.718	50.000	-50.000	2.239443e-01	8.516689e-02	-6.805286e-02	1.148781e-03	5.743907e-04	1.000000
178411.718	50.000	-50.000	7.070315e-02	5.490342e-02	-3.693410e-02	2.297563e-03	8.123111e-04	1.000000
194711.718	50.000	-50.000	2.539598e-01	7.546486e-02	-6.305867e-02	2.605515e-03	1.165222e-03	0.621497
194811.718	50.000	-50.000	3.200655e-01	6.062921e-02	-6.062921e-02	6.477276e-04	4.580126e-04	1.000000
194911.718	50.000	-50.000	2.538904e-01	5.437363e-02	-5.437363e-02	9.715915e-04	5.609486e-04	1.000000
195011.718	50.000	-50.000	3.348648e-01	6.239526e-02	-6.239526e-02	9.715915e-04	5.609486e-04	1.000000
195111.718	50.000	-50.000	2.417641e-01	5.325796e-02	-5.325796e-02	1.943183e-03	7.933011e-04	1.000000
195211.718	50.000	-50.000	3.103113e-01	6.008560e-02	-6.008560e-02	1.619319e-03	7.241815e-04	1.000000
195311.718	50.000	-50.000	3.206798e-01	6.081723e-02	-6.081723e-02	9.715915e-04	5.609486e-04	1.000000
195411.718	50.000	-50.000	3.102514e-01	6.000042e-02	-6.000042e-02	1.295455e-03	6.477276e-04	1.000000
195511.718	50.000	-50.000	3.080811e-01	5.972700e-02	-5.972700e-02	1.943183e-03	7.933011e-04	1.000000
195611.718	50.000	-50.000	2.726252e-01	6.276193e-02	-6.276193e-02	8.036809e-04	5.682882e-04	0.805951
269311.718	50.000	-50.000	2.632497e-01	2.444273e-01	-1.495258e-01	0.000000e+00	0.000000e+00	0.101992
269411.718	50.000	-50.000	3.314409e-01	6.947629e-02	-6.947629e-02	1.194170e-03	5.970849e-04	0.999996
269511.718	50.000	-50.000	4.408754e-01	1.016248e-01	-1.016248e-01	8.864449e-04	5.117892e-04	1.000000
269611.718	50.000	-50.000	2.144747e-01	6.326542e-02	-5.286478e-02	5.970908e-04	4.222070e-04	0.999986
269711.718	50.000	-50.000	1.793382e-01	4.687890e-02	-4.687890e-02	1.809604e-03	7.387676e-04	1.000000
269811.718	50.000	-50.000	3.473965e-01	6.492109e-02	-6.492109e-02	1.809604e-03	7.387676e-04	1.000000
269911.718	50.000	-50.000	3.869073e-01	6.859307e-02	-6.859307e-02	9.048018e-04	5.223875e-04	1.000000
270011.718	50.000	-50.000	3.121401e-01	6.172441e-02	-6.172441e-02	2.111204e-03	7.979602e-04	1.000000
270111.718	50.000	-50.000	2.661090e-01	5.697247e-02	-5.697247e-02	9.048018e-04	5.223875e-04	1.000000
270211.718	50.000	-50.000	3.030612e-01	6.083573e-02	-6.083573e-02	9.048018e-04	5.223875e-04	1.000000
270311.718	50.000	-50.000	2.480695e-01	6.082280e-02	-6.082280e-02	2.188327e-03	8.933806e-04	0.826935
281111.718	50.000	-50.000	2.326553e-01	5.537188e-02	-5.537188e-02	1.797230e-03	7.337160e-04	0.953312
281211.718	50.000	-50.000	2.247235e-01	5.179194e-02	-5.179194e-02	8.566600e-04	4.945929e-04	1.000000
281311.718	50.000	-50.000	2.936915e-01	5.914941e-02	-5.914941e-02	1.713320e-03	6.994599e-04	1.000000
281411.718	50.000	-50.000	2.465601e-01	5.410227e-02	-5.410227e-02	1.142213e-03	5.711066e-04	1.000000
281511.718	50.000	-50.000	2.116633e-01	5.021266e-02	-5.021266e-02	1.142213e-03	5.711066e-04	1.000000
281611.718	50.000	-50.000	1.989762e-01	4.875715e-02	-4.875715e-02	1.713320e-03	6.994599e-04	1.000000
281711.718	50.000	-50.000	1.633729e-01	4.856649e-02	-4.060399e-02	1.713320e-03	6.994599e-04	1.000000
281811.718	50.000	-50.000	1.976604e-01	4.877040e-02	-4.877040e-02	2.855533e-03	9.029989e-04	1.000000
281911.718	50.000	-50.000	2.114433e-01	5.016048e-02	-5.016048e-02	1.142213e-03	5.711066e-04	1.000000
282011.718	50.000	-50.000	2.344220e-01	5.280064e-02	-5.280064e-02	1.427767e-03	6.385166e-04	1.000000
282111.718	50.000	-50.000	1.646497e-01	4.865889e-02	-4.065952e-02	8.566600e-04	4.945929e-04	1.000000
282211.718	50.000	-50.000	4.001458e-01	6.891797e-02	-6.891797e-02	1.427767e-03	6.385166e-04	1.000000
282311.718	50.000	-50.000	3.169057e-01	6.131739e-02	-6.131739e-02	1.427767e-03	6.385166e-04	1.000000
282411.718	50.000	-50.000	2.133066e-01	9.277660e-02	-7.184679e-02	7.406879e-04	7.406879e-04	0.385524
314611.718	50.000	-50.000	2.161037e-01	5.140089e-02	-5.140089e-02	1.694720e-03	7.579020e-04	0.945347
314711.718	50.000	-50.000	2.610253e-01	6.185987e-02	-6.185987e-02	1.225019e-03	7.072652e-04	0.784689
314811.718	50.000	-50.000	3.923621e-01	6.853198e-02	-6.853198e-02	1.104754e-03	5.523771e-04	0.991138
314911.718	50.000	-50.000	2.078980e-01	4.945945e-02	-4.945945e-02	1.642445e-03	6.705254e-04	1.000000
315011.718	50.000	-50.000	2.441303e-01	5.355665e-02	-5.355665e-02	1.094963e-03	5.474817e-04	1.000000
315111.718	50.000	-50.000	1.858800e-01	4.695858e-02	-4.695858e-02	1.642445e-03	6.705254e-04	1.000000
315211.718	50.000	-50.000	1.634312e-01	4.847645e-02	-4.050708e-02	1.368704e-03	6.121032e-04	1.000000
315311.718	50.000	-50.000	2.108637e-01	5.000941e-02	-5.000941e-02	1.094963e-03	5.474817e-04	1.000000
315411.718	50.000	-50.000	2.473602e-01	5.440974e-02	-5.440974e-02	1.642445e-03	6.705254e-04	1.000000
315511.718	50.000	-50.000	2.213527e-01	5.168743e-02	-5.168743e-02	3.284890e-03	9.482661e-04	1.000000
315611.718	50.000	-50.000	2.115191e-01	5.008716e-02	-5.008716e-02	8.212226e-04	4.741331e-04	1.000000
315711.718	50.000	-50.000	1.504650e-01	8.011616e-02	-5.912104e-02	1.417743e-03	1.002495e-03	0.386164
331711.718	50.000	-50.000	1.229829e-01	1.847203e-01	-9.002349e-02	0.000000e+00	0.000000e+00	0.090898
331811.718	50.000	-50.000	2.424407e-01	5.298676e-02	-5.298676e-02	3.193834e-04	3.193834e-04	1.000000
331911.718	50.000	-50.000	1.962469e-01	4.768789e-02	-4.768789e-02	3.193834e-04	3.193834e-04	1.000000
332011.718	50.000	-50.000	2.785625e-01	5.709290e-02	-5.709290e-02	9.581503e-04	5.531883e-04	1.000000
332111.718	50.000	-50.000	3.145971e-01	6.083666e-02	-6.083666e-02	1.277534e-03	6.387669e-04	1.000000
332211.718	50.000	-50.000	2.892566e-01	5.807745e-02	-5.807745e-02	9.581503e-04	5.531883e-04	1.000000
332311.718	50.000	-50.000	2.301667e-01	5.180298e-02	-5.180298e-02	1.277534e-03	6.387669e-04	1.000000
332411.718	50.000	-50.000	2.646698e-01	5.557948e-02	-5.557948e-02	1.596917e-03	7.141631e-04	1.000000
332511.718	50.000	-50.000	2.527159e-01	5.444119e-02	-5.444119e-02	2.235684e-03	8.450091e-04	1.000000
332611.718	50.000	-50.000	3.006429e-01	5.925671e-02	-5.925671e-02	1.277534e-03	6.387669e-04	1.000000
332711.718	50.000	-50.000	2.408938e-01	5.314204e-02	-5.314204e-02	2.235684e-03	8.450091e-04	1.000000
332811.718	50.000	-50.000	2.285318e-01	5.194379e-02	-5.194379e-02	3.193834e-03	1.009979e-03	1.000000
332911.718	50.000	-50.000	3.342422e-01	6.276943e-02	-6.276943e-02	3.193834e-03	1.009979e-03	1.000000
333011.718	50.000	-50.000	1.581363e-01	4.785412e-02	-4.000842e-02	4.151985e-03	1.151553e-03	1.000000
333111.718	50.000	-50.000	2.418303e-01	5.318253e-02	-5.318253e-02	1.596917e-03	7.141631e-04	1.000000
452311.718	50.000	-50.000	1.913159e-01	5.905948e-02	-4.902071e-02	1.553835e-03	7.769175e-04	0.752043
452411.718	50.000	-50.000	1.655635e-01	4.334779e-02	-4.334779e-02	2.044964e-03	7.729238e-04	1.000000
452511.718	50.000	-50.000	2.675126e-01	6.558933e-02	-6.558933e-02	2.278256e-03	9.300940e-04	0.793622
452611.718	50.000	-50.000	2.473641e-01	5.881168e-02	-5.881168e-02	1.529749e-03	6.841246e-04	1.000000
452711.718	50.000	-50.000	2.009246e-01	5.220280e-02	-5.220280e-02	9.178495e-04	5.299207e-04	1.000000
452811.718	50.000	-50.000	1.735789e-01	5.348026e-02	-4.438983e-02	9.178495e-04	5.299207e-04	1.000000
452911.718	50.000	-50.000	2.112338e-01	5.353585e-02	-5.353585e-02	2.141649e-03	8.094672e-04	1.000000
453011.718	50.000	-50.000	2.068356e-01	5.368820e-02	-5.368820e-02	5.813047e-03	1.333604e-03	1.000000
453111.718	50.000	-50.000	2.304861e-01	5.677389e-02	-5.677389e-02	7.648746e-03	1.529749e-03	1.000000
453211.718	50.000	-50.000	1.776073e-01	5.529296e-02	-4.622766e-02	7.954696e-03	1.560044e-03	1.000000
453311.718	50.000	-50.000	2.396472e-01	9.446664e-02	-7.548385e-02	8.858308e-03	2.367483e-03	0.483534
463811.718	50.000	-50.000	2.148745e-01	7.122891e-02	-5.864600e-02	6.879680e-03	1.908080e-03	0.612862
463911.718	50.000	-50.000	1.767848e-01	4.531593e-02	-4.531593e-02	3.924104e-03	1.132791e-03	0.991810
527111.718	50.000	-50.000	1.754587e-01	7.121703e-02	-5.609090e-02	1.503490e-03	8.680403e-04	0.589194
527211.718	50.000	-50.000	3.093567e-01	6.509892e-02	-6.509892e-02	2.066978e-03	7.812442e-04	1.000000
527311.718	50.000	-50.000	2.973014e-01	6.390705e-02	-6.390705e-02	1.771695e-03	7.232916e-04	1.000000
527411.718	50.000	-50.000	2.989540e-01	6.417419e-02	-6.417419e-02	1.476413e-03	6.602719e-04	1.000000
527511.718	50.000	-50.000	2.704837e-01	6.112293e-02	-6.112293e-02	2.066978e-03	7.812442e-04	1.000000
527611.718	50.000	-50.000	2.051330e-01	5.317756e-02	-5.317756e-02	5.905651e-04	4.175926e-04	1.000000
527711.718	50.000	-50.000	1.633311e-01	5.274376e-02	-4.345140e-02	1.181130e-03	5.905651e-04	1.000000
527811.718	50.000	-50.000	2.440522e-01	5.790923e-02	-5.790923e-02	1.181130e-03	5.905651e-04	1.000000
527911.718	50.000	-50.000	2.841046e-01	6.262208e-02	-6.262208e-02	2.066978e-03	7.812442e-04	1.000000
528011.718	50.000	-50.000	2.448245e-01	5.799531e-02	-5.799531e-02	8.858477e-04	5.114444e-04	1.000000
528111.718	50.000	-50.000	2.578124e-01	5.952166e-02	-5.952166e-02	1.181130e-03	5.905651e-04	1.000000
528211.718	50.000	-50.000	2.298043e-01	5.633138e-02	-5.633138e-02	1.771695e-03	7.232916e-04	1.000000
528311.718	50.000	-50.000	2.169255e-01	5.453776e-02	-5.453776e-02	8.858477e-04	5.114444e-04	1.000000
528411.718	50.000	-50.000	2.014719e-01	5.265076e-02	-5.265076e-02	1.771695e-03	7.232916e-04	1.000000
532811.718	50.000	-50.000	4.032609e-01	2.424606e-01	-1.724948e-01	0.000000e+00	0.000000e+00	0.123302
532911.718	50.000	-50.000	2.785493e-01	6.087851e-02	-6.087851e-02	3.194111e-04	3.194111e-04	1.000000
533011.718	50.000	-50.000	2.069112e-01	6.615986e-02	-5.450386e-02	0.000000e+00	0.000000e+00	0.796097
533111.718	50.000	-50.000	2.472035e-01	5.885597e-02	-5.885597e-02	1.776955e-03	7.254387e-04	1.000000
533211.718	50.000	-50.000	2.194378e-01	5.677233e-02	-5.677233e-02	2.961591e-04	2.961591e-04	1.000000
533311.718	50.000	-50.000	2.371505e-01	5.962360e-02	-5.962360e-02	8.884773e-04	5.129626e-04	1.000000
533411.718	50.000	-50.000	2.764641e-01	6.382904e-02	-6.382904e-02	1.184636e-03	5.923182e-04	1.000000
533511.718	50.000	-50.000	2.320586e-01	5.823340e-02	-5.823340e-02	5.923182e-04	4.188322e-04	1.000000
533611.718	50.000	-50.000	2.015434e-01	6.006997e-02	-5.022148e-02	2.073114e-03	7.835634e-04	1.000000
533711.718	50.000	-50.000	2.882902e-01	6.514884e-02	-6.514884e-02	2.073114e-03	7.835634e-04	1.000000
533811.718	50.000	-50.000	2.286848e-01	5.760396e-02	-5.760396e-02	1.184636e-03	5.923182e-04	1.000000
533911.718	50.000	-50.000	2.312069e-01	5.834967e-02	-5.834967e-02	1.480796e-03	6.622319e-04	1.000000
534011.718	50.000	-50.000	2.689084e-01	6.198596e-02	-6.198596e-02	8.884773e-04	5.129626e-04	1.000000
534111.718	50.000	-50.000	2.154530e-01	5.596611e-02	-5.596611e-02	8.945640e-04	5.164768e-04	0.993196
614111.718	50.000	-50.000	2.483868e-01	5.540836e-02	-5.540836e-02	4.854171e-03	1.297332e-03	0.926975
614211.718	50.000	-50.000	2.161101e-01	4.992224e-02	-4.992224e-02	1.285627e-03	6.428134e-04	1.000000
614311.718	50.000	-50.000	1.789299e-01	4.585516e-02	-4.585516e-02	3.856881e-03	1.113386e-03	1.000000
614411.718	50.000	-50.000	2.128428e-01	5.605377e-02	-5.605377e-02	3.690422e-03	1.230141e-03	0.783829
614511.718	50.000	-50.000	1.554515e-01	4.702091e-02	-3.931181e-02	4.136075e-03	1.067930e-03	0.989186
614611.718	50.000	-50.000	2.233816e-01	5.093516e-02	-5.093516e-02	3.818592e-03	1.020562e-03	1.000000
614711.718	50.000	-50.000	1.675358e-01	4.398707e-02	-4.398707e-02	2.454809e-03	8.182697e-04	1.000000
614811.718	50.000	-50.000	1.668637e-01	4.397539e-02	-4.397539e-02	3.000322e-03	9.046312e-04	1.000000
614911.718	50.000	-50.000	1.348141e-01	4.380403e-02	-3.608666e-02	1.909296e-03	7.216460e-04	1.000000
615011.718	50.000	-50.000	1.673661e-01	1.210350e-01	-8.151569e-02	1.357506e-03	1.357506e-03	0.200925
619411.718	50.000	-50.000	1.883150e-01	8.605198e-02	-6.668957e-02	6.213573e-03	1.793704e-03	0.590788
619511.718	50.000	-50.000	1.659220e-01	6.274825e-02	-5.072697e-02	6.424086e-03	1.401851e-03	1.000000
619611.718	50.000	-50.000	2.881481e-01	7.586294e-02	-7.586294e-02	8.227970e-03	1.613638e-03	0.966658
619711.718	50.000	-50.000	1.488364e-01	5.339945e-02	-4.316920e-02	1.720825e-03	7.695765e-04	0.789505
619811.718	50.000	-50.000	1.490557e-01	5.726316e-02	-4.629271e-02	1.079082e-02	2.003804e-03	0.730239
619911.718	50.000	-50.000	1.346350e-01	5.505280e-02	-4.396080e-02	1.008734e-02	1.941309e-03	0.727292
620011.718	50.000	-50.000	1.532191e-01	8.535550e-02	-6.473794e-02	1.232625e-02	2.113935e-03	0.731725
620111.718	50.000	-50.000	2.424303e-01	1.004996e-01	-8.030447e-02	1.159572e-02	2.049853e-03	0.732069
620211.718	50.000	-50.000	2.814344e-01	9.831165e-02	-8.025767e-02	7.811844e-03	1.952961e-03	0.551581
620311.718	50.000	-50.000	2.900278e-01	1.136895e-01	-9.084397e-02	1.083715e-02	2.896350e-03	0.351022
699711.718	50.000	-50.000	1.952975e-01	4.754564e-02	-4.754564e-02	6.303015e-04	4.456904e-04	1.000000
699811.718	50.000	-50.000	2.350170e-01	5.175823e-02	-5.175823e-02	1.890904e-03	7.719585e-04	1.000000
699911.718	50.000	-50.000	2.414923e-01	7.151204e-02	-5.975568e-02	1.461671e-03	7.308355e-04	0.777661
700011.718	50.000	-50.000	2.278206e-01	5.411506e-02	-5.411506e-02	1.369224e-03	6.123355e-04	1.000000
700111.718	50.000	-50.000	2.147730e-01	5.243255e-02	-5.243255e-02	1.095379e-03	5.476895e-04	1.000000
700211.718	50.000	-50.000	2.018954e-01	5.082655e-02	-5.082655e-02	1.095379e-03	5.476895e-04	1.000000
700311.718	50.000	-50.000	2.264644e-01	5.354331e-02	-5.354331e-02	5.476895e-04	3.872750e-04	1.000000
700411.718	50.000	-50.000	2.255723e-01	5.383194e-02	-5.383194e-02	2.190758e-03	7.745500e-04	1.000000
700511.718	50.000	-50.000	1.899303e-01	4.931354e-02	-4.931354e-02	8.215343e-04	4.743131e-04	1.000000
700611.718	50.000	-50.000	2.642940e-01	5.798022e-02	-5.798022e-02	1.095379e-03	5.476895e-04	1.000000
700711.718	50.000	-50.000	2.255563e-01	5.366059e-02	-5.366059e-02	1.643069e-03	6.707799e-04	1.000000
700811.718	50.000	-50.000	2.239930e-01	5.337173e-02	-5.337173e-02	1.916913e-03	7.245252e-04	1.000000
700911.718	50.000	-50.000	1.923256e-01	9.226301e-02	-7.003409e-02	2.105568e-03	1.215650e-03	0.390172
711311.718	50.000	-50.000	1.113378e-01	6.794405e-02	-4.833774e-02	1.256613e-03	8.885596e-04	0.468918
711411.718	50.000	-50.000	2.785991e-01	6.096890e-02	-6.096890e-02	5.892486e-04	4.166617e-04	1.000000
711511.718	50.000	-50.000	2.322002e-01	6.832545e-02	-5.712347e-02	3.785854e-04	3.785854e-04	0.778224
711611.718	50.000	-50.000	2.055030e-01	4.858804e-02	-4.858804e-02	5.501014e-04	3.889804e-04	1.000000
711711.718	50.000	-50.000	1.814386e-01	4.567804e-02	-4.567804e-02	1.100203e-03	5.501014e-04	1.000000
711811.718	50.000	-50.000	1.458566e-01	4.529335e-02	-3.759450e-02	1.925355e-03	7.277157e-04	1.000000
711911.718	50.000	-50.000	1.701036e-01	4.416683e-02	-4.416683e-02	8.251521e-04	4.764018e-04	1.000000
712011.718	50.000	-50.000	2.148826e-01	4.951544e-02	-4.951544e-02	8.251521e-04	4.764018e-04	1.000000
712111.718	50.000	-50.000	2.280917e-01	5.107405e-02	-5.107405e-02	2.750507e-04	2.750507e-04	1.000000
712211.718	50.000	-50.000	1.365325e-01	4.376976e-02	-3.603764e-02	2.750507e-04	2.750507e-04	1.000000
712311.718	50.000	-50.000	2.252293e-01	5.078758e-02	-5.078758e-02	1.650304e-03	6.737339e-04	1.000000
712411.718	50.000	-50.000	2.044031e-01	4.847863e-02	-4.847863e-02	1.100203e-03	5.501014e-04	1.000000
712511.718	50.000	-50.000	8.594214e-02	4.143900e-02	-3.142944e-02	1.396377e-03	6.981887e-04	0.787898
785611.718	50.000	-50.000	1.401056e-01	6.820360e-02	-5.172907e-02	3.399886e-03	1.520475e-03	0.486968
785711.718	50.000	-50.000	1.902342e-01	5.864364e-02	-4.867555e-02	1.254656e-03	7.243761e-04	0.791755
785811.718	50.000	-50.000	3.397426e-01	6.222152e-02	-6.222152e-02	9.280442e-04	5.358066e-04	0.989089
785911.718	50.000	-50.000	2.345877e-01	5.141941e-02	-5.141941e-02	9.179187e-04	5.299606e-04	1.000000
786011.718	50.000	-50.000	1.892271e-01	4.614728e-02	-4.614728e-02	9.179187e-04	5.299606e-04	1.000000
786111.718	50.000	-50.000	2.669405e-01	5.484391e-02	-5.484391e-02	1.529865e-03	6.841762e-04	1.000000
786211.718	50.000	-50.000	2.442975e-01	5.252939e-02	-5.252939e-02	1.835837e-03	7.494775e-04	1.000000
786311.718	50.000	-50.000	2.575129e-01	5.391360e-02	-5.391360e-02	9.179187e-04	5.299606e-04	1.000000
786411.718	50.000	-50.000	1.451198e-01	4.460480e-02	-3.702299e-02	6.119458e-04	4.327110e-04	1.000000
786511.718	50.000	-50.000	1.771995e-01	4.491012e-02	-4.491012e-02	2.141810e-03	8.095282e-04	1.000000
786611.718	50.000	-50.000	2.784387e-01	5.596589e-02	-5.596589e-02	1.223892e-03	6.119458e-04	1.000000
786711.718	50.000	-50.000	2.906149e-01	5.713078e-02	-5.713078e-02	6.119458e-04	4.327110e-04	1.000000
786811.718	50.000	-50.000	2.777721e-01	5.597167e-02	-5.597167e-02	1.835837e-03	7.494775e-04	1.000000
786911.718	50.000	-50.000	2.530119e-01	5.973857e-02	-5.973857e-02	3.847649e-04	3.847649e-04	0.795220
808511.718	50.000	-50.000	3.058197e-01	7.247990e-02	-7.247990e-02	1.442462e-03	8.328055e-04	0.673522
808611.718	50.000	-50.000	1.467173e-01	4.545061e-02	-3.772503e-02	1.619215e-03	7.241349e-04	1.000000
808711.718	50.000	-50.000	1.527528e-01	5.811210e-02	-4.643465e-02	1.488553e-03	7.442765e-04	0.793311
808811.718	50.000	-50.000	2.835704e-01	6.241429e-02	-6.241429e-02	1.771328e-03	7.231417e-04	1.000000
808911.718	50.000	-50.000	2.308732e-01	5.639244e-02	-5.639244e-02	1.180886e-03	5.904428e-04	1.000000
809011.718	50.000	-50.000	2.183820e-01	5.459549e-02	-5.459549e-02	0.000000e+00	0.000000e+00	1.000000
809111.718	50.000	-50.000	1.478108e-01	5.042201e-02	-4.116250e-02	1.771328e-03	7.231417e-04	1.000000
809211.718	50.000	-50.000	3.282563e-01	6.708879e-02	-6.708879e-02	2.952214e-04	2.952214e-04	1.000000
809311.718	50.000	-50.000	1.613662e-01	5.210924e-02	-4.292867e-02	1.180886e-03	5.904428e-04	1.000000
809411.718	50.000	-50.000	3.236202e-01	6.689355e-02	-6.689355e-02	2.952214e-03	9.335720e-04	1.000000
809511.718	50.000	-50.000	3.385774e-01	6.804160e-02	-6.804160e-02	1.180886e-03	5.904428e-04	1.000000
809611.718	50.000	-50.000	2.838373e-01	6.211559e-02	-6.211559e-02	5.904428e-04	4.175061e-04	1.000000
809711.718	50.000	-50.000	1.670207e-01	6.017371e-02	-4.864566e-02	2.231273e-03	9.109133e-04	0.793864
842711.718	50.000	-50.000	3.252395e-01	7.680069e-02	-7.680069e-02	5.085838e-04	5.085838e-04	0.639429
842811.718	50.000	-50.000	1.368918e-01	4.414306e-02	-3.634499e-02	9.851500e-04	5.687766e-04	0.990316
842911.718	50.000	-50.000	2.351227e-01	6.905890e-02	-5.770583e-02	0.000000e+00	0.000000e+00	0.786773
843011.718	50.000	-50.000	2.319803e-01	5.676289e-02	-5.676289e-02	1.474093e-03	6.592343e-04	1.000000
843111.718	50.000	-50.000	2.448932e-01	5.801110e-02	-5.801110e-02	8.844556e-04	5.106407e-04	1.000000
843211.718	50.000	-50.000	2.172525e-01	5.482562e-02	-5.482562e-02	1.474093e-03	6.592343e-04	1.000000
843311.718	50.000	-50.000	3.273793e-01	6.724509e-02	-6.724509e-02	1.474093e-03	6.592343e-04	1.000000
843411.718	50.000	-50.000	2.748287e-01	6.163796e-02	-6.163796e-02	5.896371e-04	4.169364e-04	1.000000
843511.718	50.000	-50.000	2.453287e-01	5.830902e-02	-5.830902e-02	1.474093e-03	6.592343e-04	1.000000
843611.718	50.000	-50.000	3.430695e-01	6.894389e-02	-6.894389e-02	1.179274e-03	5.896371e-04	1.000000
843711.718	50.000	-50.000	2.751576e-01	6.171171e-02	-6.171171e-02	5.896371e-04	4.169364e-04	1.000000
843811.718	50.000	-50.000	2.586269e-01	5.970911e-02	-5.970911e-02	1.179274e-03	5.896371e-04	1.000000
843911.718	50.000	-50.000	3.953387e-01	8.264880e-02	-8.264880e-02	7.425849e-04	5.250868e-04	0.794033
859711.718	50.000	-50.000	3.564830e-01	1.266128e-01	-1.022917e-01	1.015010e-03	1.015010e-03	0.321453
859811.718	50.000	-50.000	3.236473e-01	6.160127e-02	-6.160127e-02	1.957666e-03	7.992138e-04	1.000000
859911.718	50.000	-50.000	2.541446e-01	6.590087e-02	-6.590087e-02	8.151520e-04	5.763995e-04	0.772599
860011.718	50.000	-50.000	3.165843e-01	7.334293e-02	-7.334293e-02	1.821049e-03	7.434402e-04	1.000000
860111.718	50.000	-50.000	4.970662e-01	9.084476e-02	-9.084476e-02	3.035082e-04	3.035082e-04	1.000000
860211.718	50.000	-50.000	2.809297e-01	6.850792e-02	-6.850792e-02	9.105246e-04	5.256916e-04	1.000000
860311.718	50.000	-50.000	2.465275e-01	6.391570e-02	-6.391570e-02	6.070164e-04	4.292254e-04	1.000000
860411.718	50.000	-50.000	4.149427e-01	8.350306e-02	-8.350306e-02	1.517541e-03	6.786650e-04	1.000000
860511.718	50.000	-50.000	3.090343e-01	7.171122e-02	-7.171122e-02	2.124557e-03	8.030072e-04	1.000000
860611.718	50.000	-50.000	2.563568e-01	6.534722e-02	-6.534722e-02	3.035082e-03	9.597772e-04	1.000000
860711.718	50.000	-50.000	2.486592e-01	6.446836e-02	-6.446836e-02	6.070164e-04	4.292254e-04	1.000000
860811.718	50.000	-50.000	2.941143e-01	7.040785e-02	-7.040785e-02	2.731574e-03	9.105246e-04	1.000000
860911.718	50.000	-50.000	3.622711e-01	7.778107e-02	-7.778107e-02	1.517541e-03	6.786650e-04	1.000000
861011.718	50.000	-50.000	2.473312e-01	6.479206e-02	-6.479206e-02	2.124557e-03	8.030072e-04	1.000000
861111.718	50.000	-50.000	3.694131e-01	7.976436e-02	-7.976436e-02	2.731574e-03	9.105246e-04	1.000000
861211.718	50.000	-50.000	2.651416e-01	6.667053e-02	-6.667053e-02	9.105246e-04	5.256916e-04	1.000000
861311.718	50.000	-50.000	4.104573e-01	9.235009e-02	-9.235009e-02	1.513323e-03	7.566614e-04	0.802230
957311.718	50.000	-50.000	2.316540e-01	7.176816e-02	-5.956919e-02	2.555103e-03	1.142677e-03	0.639308
957411.718	50.000	-50.000	9.224851e-02	3.717961e-02	-2.928285e-02	3.298539e-04	3.298539e-04	0.990437
957511.718	50.000	-50.000	2.887211e-01	6.850031e-02	-6.850031e-02	1.475351e-03	7.376753e-04	0.786753
957611.718	50.000	-50.000	1.888128e-01	4.894337e-02	-4.894337e-02	5.803679e-04	4.103821e-04	1.000000
957711.718	50.000	-50.000	2.133170e-01	5.209781e-02	-5.209781e-02	1.160736e-03	5.803679e-04	1.000000
957811.718	50.000	-50.000	1.249662e-01	4.448353e-02	-3.596139e-02	5.803679e-04	4.103821e-04	1.000000
957911.718	50.000	-50.000	2.448693e-01	5.800081e-02	-5.800081e-02	9.391355e-04	5.422102e-04	0.926971
974511.718	50.000	-50.000	1.814244e-01	7.341570e-02	-5.782258e-02	1.244298e-03	8.798517e-04	0.521532
974611.718	50.000	-50.000	1.490268e-01	4.605124e-02	-3.822357e-02	1.297882e-03	6.489410e-04	1.000000
974711.718	50.000	-50.000	1.680125e-01	6.350270e-02	-5.074202e-02	7.820243e-04	5.529747e-04	0.772644
974811.718	50.000	-50.000	1.480928e-01	5.337614e-02	-4.315036e-02	1.812680e-03	7.400235e-04	1.000000
974911.718	50.000	-50.000	1.496516e-01	5.344807e-02	-4.320852e-02	9.063400e-04	5.232757e-04	1.000000
975011.718	50.000	-50.000	1.972253e-01	6.047533e-02	-5.019589e-02	3.021133e-04	3.021133e-04	1.000000
975111.718	50.000	-50.000	2.404384e-01	6.080881e-02	-6.080881e-02	1.812680e-03	7.400235e-04	1.000000
975211.718	50.000	-50.000	1.334748e-01	5.063922e-02	-4.043646e-02	9.063400e-04	5.232757e-04	1.000000
975311.718	50.000	-50.000	1.313380e-01	4.982855e-02	-3.978913e-02	9.063400e-04	5.232757e-04	1.000000
975411.718	50.000	-50.000	1.496433e-01	5.344510e-02	-4.320611e-02	9.063400e-04	5.232757e-04	1.000000
975511.718	50.000	-50.000	1.031851e-01	4.548005e-02	-3.522004e-02	1.208453e-03	6.042267e-04	1.000000
975611.718	50.000	-50.000	1.853643e-01	5.956807e-02	-4.907341e-02	6.042267e-04	4.272528e-04	1.000000
975711.718	50.000	-50.000	4.491711e-02	3.251575e-02	-2.189898e-02	3.021133e-04	3.021133e-04	1.000000
975811.718	50.000	-50.000	1.948668e-01	6.017433e-02	-4.994606e-02	1.208453e-03	6.042267e-04	1.000000
975911.718	50.000	-50.000	1.481732e-01	5.324245e-02	-4.304228e-02	1.510567e-03	6.755460e-04	1.000000
976011.718	50.000	-50.000	1.058137e-01	4.643613e-02	-3.596043e-02	9.063400e-04	5.232757e-04	1.000000
! PC Upper limit
178511.718	50.000	-50.000	1.8641e+00	0.0000e+00	0.0000e+00	2.4351e-03	2.4351e-03	0.1179
333211.718	50.000	-50.000	5.3615e+02	0.0000e+00	0.0000e+00	0.0000e+00	0.0000e+00	0.0001
528511.718	50.000	-50.000	2.1622e+02	0.0000e+00	0.0000e+00	0.0000e+00	0.0000e+00	0.0004
699611.718	50.000	-50.000	3.9712e+00	0.0000e+00	0.0000e+00	0.0000e+00	0.0000e+00	0.0176
976111.718	50.000	-50.000	2.5763e+02	0.0000e+00	0.0000e+00	0.0000e+00	0.0000e+00	0.0004
