! Swift/XRT hardness ratio of trigger: 10724, name: AT2018cow
 ! T0 for this burst is Swift MET=551097137.0, = 2018 Jun 19 at 10:31:55.845 UT
 ! The hard band is 1.5-10 keV
 ! The soft band is 0.3-1.5 keV
 ! For details of light-curve production, see Evans et al. 2007, A&A, 469, 379
! There are 3 datasets: Hard, Soft, and the ratio
! Columns are as labelled
! PC -- hard data
!Time		Err (pos)	Err(neg)	Rate		Error
261.718	100.000	-100.000	0.409583	0.064107
461.718	100.000	-100.000	0.325381	0.057108
661.718	100.000	-100.000	0.224796	0.075308
10861.718	100.000	-100.000	0.250981	0.052553
11061.718	100.000	-100.000	0.192350	0.044504
11261.718	100.000	-100.000	0.202211	0.102756
67661.718	100.000	-100.000	0.116539	0.044257
67861.718	100.000	-100.000	0.197388	0.038222
68061.718	100.000	-100.000	0.159309	0.030886
68261.718	100.000	-100.000	0.129712	0.027906
68461.718	100.000	-100.000	0.159260	0.030763
68661.718	100.000	-100.000	0.151186	0.043644
177061.718	100.000	-100.000	0.159773	0.038953
177261.718	100.000	-100.000	0.169994	0.042655
177461.718	100.000	-100.000	0.150587	0.043790
177661.718	100.000	-100.000	0.151386	0.044022
177861.718	100.000	-100.000	0.124088	0.039586
178061.718	100.000	-100.000	0.151382	0.043914
178261.718	100.000	-100.000	0.136678	0.041651
178461.718	100.000	-100.000	0.066985	0.040646
194661.718	100.000	-100.000	0.091287	0.041095
194861.718	100.000	-100.000	0.137869	0.028181
195061.718	100.000	-100.000	0.115566	0.026012
195261.718	100.000	-100.000	0.149378	0.029444
195461.718	100.000	-100.000	0.136757	0.028225
195661.718	100.000	-100.000	0.071800	0.032323
269261.718	100.000	-100.000	0.000000	0.000000
269461.718	100.000	-100.000	0.188621	0.041519
269661.718	100.000	-100.000	0.113136	0.029330
269861.718	100.000	-100.000	0.174529	0.032512
270061.718	100.000	-100.000	0.120454	0.027100
270261.718	100.000	-100.000	0.132659	0.029938
281061.718	100.000	-100.000	0.115888	0.039006
281261.718	100.000	-100.000	0.117490	0.026502
281461.718	100.000	-100.000	0.105532	0.025076
281661.718	100.000	-100.000	0.076313	0.021308
281861.718	100.000	-100.000	0.094255	0.023649
282061.718	100.000	-100.000	0.099638	0.024373
282261.718	100.000	-100.000	0.181675	0.032876
282461.718	100.000	-100.000	0.061256	0.043314
314661.718	100.000	-100.000	0.144803	0.031010
314861.718	100.000	-100.000	0.093942	0.023774
315061.718	100.000	-100.000	0.075478	0.021160
315261.718	100.000	-100.000	0.058081	0.018625
315461.718	100.000	-100.000	0.088524	0.023027
315661.718	100.000	-100.000	0.076644	0.025627
331661.718	100.000	-100.000	0.000000	0.000000
331861.718	100.000	-100.000	0.103865	0.024525
332061.718	100.000	-100.000	0.104034	0.024789
332261.718	100.000	-100.000	0.074584	0.020894
332461.718	100.000	-100.000	0.098056	0.023919
332661.718	100.000	-100.000	0.080873	0.021715
332861.718	100.000	-100.000	0.144557	0.029100
333061.718	100.000	-100.000	0.080171	0.021729
333261.718	100.000	-100.000	0.000000	0.000000
452261.718	100.000	-100.000	0.117786	0.042111
452461.718	100.000	-100.000	0.123152	0.029174
452661.718	100.000	-100.000	0.109148	0.027501
452861.718	100.000	-100.000	0.066372	0.021253
453061.718	100.000	-100.000	0.106437	0.026818
453261.718	100.000	-100.000	0.090772	0.028705
463861.718	100.000	-100.000	0.062912	0.021048
527061.718	100.000	-100.000	0.022378	0.022378
527261.718	100.000	-100.000	0.134724	0.030353
527461.718	100.000	-100.000	0.149396	0.032070
527661.718	100.000	-100.000	0.068270	0.021719
527861.718	100.000	-100.000	0.121331	0.028984
528061.718	100.000	-100.000	0.115607	0.028188
528261.718	100.000	-100.000	0.087644	0.024591
528461.718	100.000	-100.000	0.107552	0.038457
532861.718	100.000	-100.000	0.174429	0.045135
533061.718	100.000	-100.000	0.116289	0.030207
533261.718	100.000	-100.000	0.109518	0.028448
533461.718	100.000	-100.000	0.093784	0.026132
533661.718	100.000	-100.000	0.100550	0.027283
533861.718	100.000	-100.000	0.107926	0.028148
534061.718	100.000	-100.000	0.143136	0.032054
614061.718	100.000	-100.000	0.157128	0.043580
614261.718	100.000	-100.000	0.084761	0.022077
614461.718	100.000	-100.000	0.108111	0.026314
614661.718	100.000	-100.000	0.119226	0.026051
614861.718	100.000	-100.000	0.062360	0.018897
615061.718	100.000	-100.000	0.000000	0.000000
619461.718	100.000	-100.000	0.076292	0.029490
619661.718	100.000	-100.000	0.120774	0.033658
619861.718	100.000	-100.000	0.063594	0.022958
620061.718	100.000	-100.000	0.073331	0.033515
620261.718	100.000	-100.000	0.166877	0.050442
699661.718	100.000	-100.000	0.100972	0.033777
699861.718	100.000	-100.000	0.128537	0.029581
700061.718	100.000	-100.000	0.133303	0.029283
700261.718	100.000	-100.000	0.125922	0.028275
700461.718	100.000	-100.000	0.113890	0.026969
700661.718	100.000	-100.000	0.093644	0.024542
700861.718	100.000	-100.000	0.116771	0.032665
711261.718	100.000	-100.000	0.111340	0.056515
711461.718	100.000	-100.000	0.163627	0.034980
711661.718	100.000	-100.000	0.091124	0.022901
711861.718	100.000	-100.000	0.096106	0.023541
712061.718	100.000	-100.000	0.107749	0.024792
712261.718	100.000	-100.000	0.062132	0.018877
712461.718	100.000	-100.000	0.056947	0.019220
785661.718	100.000	-100.000	0.079880	0.027238
785861.718	100.000	-100.000	0.135284	0.027650
786061.718	100.000	-100.000	0.128198	0.026840
786261.718	100.000	-100.000	0.139838	0.028072
786461.718	100.000	-100.000	0.077735	0.021056
786661.718	100.000	-100.000	0.139536	0.028012
786861.718	100.000	-100.000	0.105243	0.025713
808461.718	100.000	-100.000	0.186903	0.056522
808661.718	100.000	-100.000	0.062765	0.021147
808861.718	100.000	-100.000	0.135598	0.030458
809061.718	100.000	-100.000	0.122305	0.028972
809261.718	100.000	-100.000	0.129092	0.029804
809461.718	100.000	-100.000	0.155303	0.032681
809661.718	100.000	-100.000	0.097297	0.027236
842661.718	100.000	-100.000	0.198137	0.059920
842861.718	100.000	-100.000	0.083980	0.024310
843061.718	100.000	-100.000	0.115799	0.028285
843261.718	100.000	-100.000	0.122066	0.029159
843461.718	100.000	-100.000	0.109001	0.027507
843661.718	100.000	-100.000	0.179002	0.035186
843861.718	100.000	-100.000	0.174740	0.036626
859661.718	100.000	-100.000	0.107385	0.061999
859861.718	100.000	-100.000	0.176125	0.035460
860061.718	100.000	-100.000	0.216211	0.042503
860261.718	100.000	-100.000	0.132423	0.033170
860461.718	100.000	-100.000	0.156721	0.036307
860661.718	100.000	-100.000	0.089397	0.027337
860861.718	100.000	-100.000	0.088894	0.027417
861061.718	100.000	-100.000	0.141052	0.034777
861261.718	100.000	-100.000	0.164337	0.039069
957261.718	100.000	-100.000	0.106607	0.044257
957461.718	100.000	-100.000	0.124852	0.029524
957661.718	100.000	-100.000	0.069225	0.020984
957861.718	100.000	-100.000	0.111107	0.026994
974461.718	100.000	-100.000	0.089392	0.045067
974661.718	100.000	-100.000	0.066603	0.021262
974861.718	100.000	-100.000	0.044098	0.018475
975061.718	100.000	-100.000	0.090302	0.026405
975261.718	100.000	-100.000	0.081050	0.024574
975461.718	100.000	-100.000	0.066746	0.022556
975661.718	100.000	-100.000	0.046317	0.019006
975861.718	100.000	-100.000	0.082216	0.025139
976061.718	100.000	-100.000	0.075425	0.034363
! PC -- soft data
!Time		Err (pos)	Err(neg)	Rate		Error
261.718	100.000	-100.000	0.395005	0.063471
461.718	100.000	-100.000	0.343998	0.058597
661.718	100.000	-100.000	0.448408	0.106221
10861.718	100.000	-100.000	0.309223	0.058640
11061.718	100.000	-100.000	0.311337	0.056209
11261.718	100.000	-100.000	0.364720	0.137851
67661.718	100.000	-100.000	0.264077	0.066427
67861.718	100.000	-100.000	0.188791	0.038855
68061.718	100.000	-100.000	0.160067	0.030995
68261.718	100.000	-100.000	0.189160	0.033578
68461.718	100.000	-100.000	0.194882	0.034164
68661.718	100.000	-100.000	0.275991	0.059108
177061.718	100.000	-100.000	0.143284	0.036629
177261.718	100.000	-100.000	0.256566	0.050717
177461.718	100.000	-100.000	0.125658	0.040087
177661.718	100.000	-100.000	0.097729	0.035324
177861.718	100.000	-100.000	0.122950	0.039572
178061.718	100.000	-100.000	0.126248	0.040633
178261.718	100.000	-100.000	0.124541	0.039730
178461.718	100.000	-100.000	0.019851	0.022464
194661.718	100.000	-100.000	0.162675	0.055030
194861.718	100.000	-100.000	0.149110	0.029392
195061.718	100.000	-100.000	0.172750	0.031714
195261.718	100.000	-100.000	0.166119	0.030988
195461.718	100.000	-100.000	0.172408	0.031547
195661.718	100.000	-100.000	0.200824	0.053799
269261.718	100.000	-100.000	0.263250	0.186146
269461.718	100.000	-100.000	0.197262	0.043169
269661.718	100.000	-100.000	0.083778	0.022688
269861.718	100.000	-100.000	0.192620	0.034247
270061.718	100.000	-100.000	0.174627	0.032669
270261.718	100.000	-100.000	0.145509	0.031153
281061.718	100.000	-100.000	0.116767	0.039302
281261.718	100.000	-100.000	0.147637	0.029630
281461.718	100.000	-100.000	0.123580	0.027079
281661.718	100.000	-100.000	0.104860	0.025079
281861.718	100.000	-100.000	0.116202	0.026443
282061.718	100.000	-100.000	0.099900	0.024354
282261.718	100.000	-100.000	0.182762	0.032886
282461.718	100.000	-100.000	0.152065	0.068402
314661.718	100.000	-100.000	0.091675	0.024789
314861.718	100.000	-100.000	0.205766	0.034864
315061.718	100.000	-100.000	0.139528	0.028647
315261.718	100.000	-100.000	0.129068	0.027657
315461.718	100.000	-100.000	0.145834	0.029627
315661.718	100.000	-100.000	0.117869	0.031753
331661.718	100.000	-100.000	0.122983	0.122983
331861.718	100.000	-100.000	0.115479	0.025864
332061.718	100.000	-100.000	0.192546	0.033551
332261.718	100.000	-100.000	0.185128	0.032826
332461.718	100.000	-100.000	0.160638	0.030678
332661.718	100.000	-100.000	0.195698	0.033853
332861.718	100.000	-100.000	0.136829	0.028508
333061.718	100.000	-100.000	0.119814	0.026639
333261.718	100.000	-100.000	0.000000	0.000000
452261.718	100.000	-100.000	0.088313	0.036233
452461.718	100.000	-100.000	0.087564	0.023916
452661.718	100.000	-100.000	0.115000	0.028097
452861.718	100.000	-100.000	0.126034	0.029200
453061.718	100.000	-100.000	0.112230	0.028412
453261.718	100.000	-100.000	0.107040	0.032820
463861.718	100.000	-100.000	0.128422	0.030741
527061.718	100.000	-100.000	0.153092	0.058616
527261.718	100.000	-100.000	0.168604	0.034047
527461.718	100.000	-100.000	0.135322	0.030580
527661.718	100.000	-100.000	0.122892	0.029160
527861.718	100.000	-100.000	0.142546	0.031285
528061.718	100.000	-100.000	0.135712	0.030529
528261.718	100.000	-100.000	0.135722	0.030531
528461.718	100.000	-100.000	0.107331	0.038378
532861.718	100.000	-100.000	0.117815	0.037256
533061.718	100.000	-100.000	0.113061	0.029369
533261.718	100.000	-100.000	0.118783	0.029752
533461.718	100.000	-100.000	0.160261	0.034403
533661.718	100.000	-100.000	0.151641	0.033426
533861.718	100.000	-100.000	0.122021	0.029805
534061.718	100.000	-100.000	0.099138	0.026783
614061.718	100.000	-100.000	0.091259	0.034219
614261.718	100.000	-100.000	0.112755	0.025716
614461.718	100.000	-100.000	0.072704	0.022185
614661.718	100.000	-100.000	0.076232	0.021299
614861.718	100.000	-100.000	0.088480	0.022749
615061.718	100.000	-100.000	0.167351	0.097519
619461.718	100.000	-100.000	0.098079	0.033965
619661.718	100.000	-100.000	0.105804	0.031481
619861.718	100.000	-100.000	0.078267	0.026969
620061.718	100.000	-100.000	0.124573	0.047251
620261.718	100.000	-100.000	0.118192	0.043208
699661.718	100.000	-100.000	0.090939	0.032281
699861.718	100.000	-100.000	0.109290	0.027752
700061.718	100.000	-100.000	0.087995	0.023706
700261.718	100.000	-100.000	0.088259	0.023729
700461.718	100.000	-100.000	0.112999	0.026967
700661.718	100.000	-100.000	0.151279	0.030951
700861.718	100.000	-100.000	0.098085	0.030105
711261.718	100.000	-100.000	0.000000	0.000000
711461.718	100.000	-100.000	0.094664	0.026315
711661.718	100.000	-100.000	0.102346	0.024236
711861.718	100.000	-100.000	0.061876	0.018848
712061.718	100.000	-100.000	0.113737	0.025503
712261.718	100.000	-100.000	0.124431	0.026664
712461.718	100.000	-100.000	0.095254	0.024779
785661.718	100.000	-100.000	0.091274	0.029059
785861.718	100.000	-100.000	0.151593	0.029343
786061.718	100.000	-100.000	0.099886	0.023748
786261.718	100.000	-100.000	0.111067	0.025069
786461.718	100.000	-100.000	0.083423	0.021674
786661.718	100.000	-100.000	0.150589	0.029081
786861.718	100.000	-100.000	0.161561	0.031799
808461.718	100.000	-100.000	0.118914	0.045372
808661.718	100.000	-100.000	0.086633	0.024381
808861.718	100.000	-100.000	0.121622	0.029004
809061.718	100.000	-100.000	0.060791	0.020468
809261.718	100.000	-100.000	0.115714	0.028114
809461.718	100.000	-100.000	0.175798	0.034757
809661.718	100.000	-100.000	0.134839	0.031995
842661.718	100.000	-100.000	0.127104	0.048041
842861.718	100.000	-100.000	0.096352	0.025873
843061.718	100.000	-100.000	0.122639	0.029100
843261.718	100.000	-100.000	0.150247	0.032120
843461.718	100.000	-100.000	0.151077	0.032298
843661.718	100.000	-100.000	0.130112	0.030039
843861.718	100.000	-100.000	0.144395	0.033231
859661.718	100.000	-100.000	0.249111	0.094603
859861.718	100.000	-100.000	0.117199	0.027774
860061.718	100.000	-100.000	0.190626	0.040016
860261.718	100.000	-100.000	0.131307	0.033082
860461.718	100.000	-100.000	0.205259	0.041358
860661.718	100.000	-100.000	0.163093	0.036866
860861.718	100.000	-100.000	0.239304	0.044723
861061.718	100.000	-100.000	0.167320	0.037822
861261.718	100.000	-100.000	0.165490	0.039140
957261.718	100.000	-100.000	0.125040	0.047713
957461.718	100.000	-100.000	0.061480	0.020705
957661.718	100.000	-100.000	0.138022	0.029585
957861.718	100.000	-100.000	0.071536	0.021802
974461.718	100.000	-100.000	0.115139	0.051833
974661.718	100.000	-100.000	0.090674	0.026393
974861.718	100.000	-100.000	0.104775	0.028250
975061.718	100.000	-100.000	0.128526	0.031285
975261.718	100.000	-100.000	0.051359	0.019758
975461.718	100.000	-100.000	0.067138	0.022611
975661.718	100.000	-100.000	0.068817	0.023096
975861.718	100.000	-100.000	0.089302	0.026046
976061.718	100.000	-100.000	0.030352	0.021462
! PC -- hardness ratio
!Time		Err (pos)	Err(neg)	Rate		Error
261.718	100.000	-100.000	1.036908	0.232593
461.718	100.000	-100.000	0.945880	0.231346
661.718	100.000	-100.000	0.501320	0.205689
10861.718	100.000	-100.000	0.811650	0.229292
11061.718	100.000	-100.000	0.617819	0.181315
11261.718	100.000	-100.000	0.554429	0.351128
67661.718	100.000	-100.000	0.441305	0.201020
67861.718	100.000	-100.000	1.045542	0.295453
68061.718	100.000	-100.000	0.995266	0.272715
68261.718	100.000	-100.000	0.685728	0.191263
68461.718	100.000	-100.000	0.817212	0.213171
68661.718	100.000	-100.000	0.547793	0.196901
177061.718	100.000	-100.000	1.115080	0.393912
177261.718	100.000	-100.000	0.662574	0.211649
177461.718	100.000	-100.000	1.198387	0.517297
177661.718	100.000	-100.000	1.549038	0.718602
177861.718	100.000	-100.000	1.009257	0.457361
178061.718	100.000	-100.000	1.199084	0.519547
178261.718	100.000	-100.000	1.097453	0.484171
178461.718	100.000	-100.000	3.374398	4.332953
194661.718	100.000	-100.000	0.561163	0.315996
194861.718	100.000	-100.000	0.924610	0.262555
195061.718	100.000	-100.000	0.668978	0.194311
195261.718	100.000	-100.000	0.899223	0.244039
195461.718	100.000	-100.000	0.793214	0.218783
195661.718	100.000	-100.000	0.357528	0.187293
269261.718	100.000	-100.000	0.000000	-nan
269461.718	100.000	-100.000	0.956195	0.296796
269661.718	100.000	-100.000	1.350434	0.506275
269861.718	100.000	-100.000	0.906081	0.233330
270061.718	100.000	-100.000	0.689779	0.201831
270261.718	100.000	-100.000	0.911690	0.283604
281061.718	100.000	-100.000	0.992469	0.472415
281261.718	100.000	-100.000	0.795803	0.240274
281461.718	100.000	-100.000	0.853959	0.276023
281661.718	100.000	-100.000	0.727760	0.267556
281861.718	100.000	-100.000	0.811125	0.274753
282061.718	100.000	-100.000	0.997374	0.344445
282261.718	100.000	-100.000	0.994054	0.253678
282461.718	100.000	-100.000	0.402826	0.337591
314661.718	100.000	-100.000	1.579526	0.544832
314861.718	100.000	-100.000	0.456550	0.139044
315061.718	100.000	-100.000	0.540950	0.187970
315261.718	100.000	-100.000	0.450005	0.173558
315461.718	100.000	-100.000	0.607017	0.200349
315661.718	100.000	-100.000	0.650250	0.279210
331661.718	100.000	-100.000	0.000000	-nan
331861.718	100.000	-100.000	0.899434	0.292722
332061.718	100.000	-100.000	0.540307	0.159496
332261.718	100.000	-100.000	0.402875	0.133572
332461.718	100.000	-100.000	0.610417	0.189105
332661.718	100.000	-100.000	0.413255	0.131995
332861.718	100.000	-100.000	1.056483	0.306076
333061.718	100.000	-100.000	0.669130	0.234570
333261.718	100.000	-100.000	-nan	-nan
452261.718	100.000	-100.000	1.333724	0.725809
452461.718	100.000	-100.000	1.406423	0.508485
452661.718	100.000	-100.000	0.949119	0.333105
452861.718	100.000	-100.000	0.526624	0.208141
453061.718	100.000	-100.000	0.948388	0.338738
453261.718	100.000	-100.000	0.848024	0.373527
463861.718	100.000	-100.000	0.489885	0.201526
527061.718	100.000	-100.000	0.146177	0.156525
527261.718	100.000	-100.000	0.799054	0.241753
527461.718	100.000	-100.000	1.104001	0.344097
527661.718	100.000	-100.000	0.555531	0.220478
527861.718	100.000	-100.000	0.851167	0.276115
528061.718	100.000	-100.000	0.851855	0.282599
528261.718	100.000	-100.000	0.645758	0.232232
528461.718	100.000	-100.000	1.002060	0.506723
532861.718	100.000	-100.000	1.480532	0.604949
533061.718	100.000	-100.000	1.028557	0.377847
533261.718	100.000	-100.000	0.922001	0.332702
533461.718	100.000	-100.000	0.585194	0.205836
533661.718	100.000	-100.000	0.663076	0.231803
533861.718	100.000	-100.000	0.884487	0.316056
534061.718	100.000	-100.000	1.443803	0.506644
614061.718	100.000	-100.000	1.721791	0.803028
614261.718	100.000	-100.000	0.751731	0.260256
614461.718	100.000	-100.000	1.487006	0.580424
614661.718	100.000	-100.000	1.563983	0.554729
614861.718	100.000	-100.000	0.704788	0.280089
615061.718	100.000	-100.000	0.000000	-nan
619461.718	100.000	-100.000	0.777868	0.403696
619661.718	100.000	-100.000	1.141490	0.465351
619861.718	100.000	-100.000	0.812527	0.405498
620061.718	100.000	-100.000	0.588660	0.349623
620261.718	100.000	-100.000	1.411915	0.669748
699661.718	100.000	-100.000	1.110317	0.541571
699861.718	100.000	-100.000	1.176113	0.403055
700061.718	100.000	-100.000	1.514886	0.526583
700261.718	100.000	-100.000	1.426729	0.499773
700461.718	100.000	-100.000	1.007887	0.338844
700661.718	100.000	-100.000	0.619017	0.205813
700861.718	100.000	-100.000	1.190510	0.494400
711261.718	100.000	-100.000	inf	-nan
711461.718	100.000	-100.000	1.728508	0.606164
711661.718	100.000	-100.000	0.890350	0.307441
711861.718	100.000	-100.000	1.553189	0.607095
712061.718	100.000	-100.000	0.947356	0.304368
712261.718	100.000	-100.000	0.499330	0.185645
712461.718	100.000	-100.000	0.597838	0.254756
785661.718	100.000	-100.000	0.875166	0.408271
785861.718	100.000	-100.000	0.892415	0.251214
786061.718	100.000	-100.000	1.283443	0.406589
786261.718	100.000	-100.000	1.259039	0.380315
786461.718	100.000	-100.000	0.931814	0.349736
786661.718	100.000	-100.000	0.926603	0.258112
786861.718	100.000	-100.000	0.651409	0.204372
808461.718	100.000	-100.000	1.571744	0.765226
808661.718	100.000	-100.000	0.724494	0.318050
808861.718	100.000	-100.000	1.114919	0.365253
809061.718	100.000	-100.000	2.011880	0.828245
809261.718	100.000	-100.000	1.115605	0.373908
809461.718	100.000	-100.000	0.883414	0.255078
809661.718	100.000	-100.000	0.721580	0.264795
842661.718	100.000	-100.000	1.558853	0.754580
842861.718	100.000	-100.000	0.871601	0.344147
843061.718	100.000	-100.000	0.944232	0.321541
843261.718	100.000	-100.000	0.812440	0.260444
843461.718	100.000	-100.000	0.721495	0.238626
843661.718	100.000	-100.000	1.375753	0.417150
843861.718	100.000	-100.000	1.210149	0.376702
859661.718	100.000	-100.000	0.431074	0.297894
859861.718	100.000	-100.000	1.502796	0.467309
860061.718	100.000	-100.000	1.134217	0.326195
860261.718	100.000	-100.000	1.008503	0.358289
860461.718	100.000	-100.000	0.763526	0.234427
860661.718	100.000	-100.000	0.548133	0.208439
860861.718	100.000	-100.000	0.371469	0.133961
861061.718	100.000	-100.000	0.843007	0.281981
861261.718	100.000	-100.000	0.993028	0.333008
957261.718	100.000	-100.000	0.852578	0.480741
957461.718	100.000	-100.000	2.030779	0.835686
957661.718	100.000	-100.000	0.501546	0.186205
957861.718	100.000	-100.000	1.553162	0.605364
974461.718	100.000	-100.000	0.776382	0.524754
974661.718	100.000	-100.000	0.734536	0.317331
974861.718	100.000	-100.000	0.420881	0.209689
975061.718	100.000	-100.000	0.702597	0.267314
975261.718	100.000	-100.000	1.578087	0.772987
975461.718	100.000	-100.000	0.994162	0.474310
975661.718	100.000	-100.000	0.673048	0.356795
975861.718	100.000	-100.000	0.920649	0.389033
976061.718	100.000	-100.000	2.485018	2.090322
